1.000000000000000000e+01
1.123324032978027631e+01
1.261856883066020352e+01
1.417474162926805548e+01
1.592282793341092173e+01
1.788649529057435217e+01
2.009233002565046888e+01
2.257019719633920474e+01
2.535364493970111255e+01
2.848035868435801987e+01
3.199267137797384564e+01
3.593813663804627367e+01
4.037017258596554115e+01
4.534878508128581842e+01
5.094138014816380178e+01
5.722367659350216940e+01
6.428073117284318982e+01
7.220809018385463673e+01
8.111308307896872805e+01
9.111627561154891453e+01
1.023531021899026854e+02
1.149756995397735579e+02
1.291549665014883885e+02
1.450828778495940128e+02
1.629750834620643332e+02
1.830738280295367701e+02
2.056512308348651459e+02
2.310129700083157900e+02
2.595024211399737055e+02
2.915053062825175516e+02
3.274549162877728463e+02
3.678379771828634262e+02
4.132012400115334572e+02
4.641588833612781855e+02
5.214008287999683944e+02
5.857020818056666940e+02
6.579332246575681893e+02
7.390722033525775032e+02
8.302175681319744172e+02
9.326033468832199560e+02
1.047615752789665066e+03
1.176811952434997920e+03
1.321941148466028608e+03
1.484968262254465117e+03
1.668100537200059080e+03
1.873817422860382976e+03
2.104904144512019684e+03
2.364489412645407356e+03
2.656087782946686730e+03
2.983647240283340125e+03
3.351602650938840725e+03
3.764935806792467247e+03
4.229242874389498866e+03
4.750810162102798131e+03
5.336699231206307559e+03
5.994842503189408490e+03
6.734150657750821665e+03
7.564633275546290861e+03
8.497534359086437689e+03
9.545484566618337340e+03
1.072267222010323167e+04
1.204503540258783687e+04
1.353047774579807628e+04
1.519911082952933066e+04
1.707352647470688680e+04
1.917910261672488923e+04
2.154434690031886566e+04
2.420128264794383358e+04
2.718588242732940125e+04
3.053855508833412387e+04
3.430469286314919009e+04
3.853528593710527639e+04
4.328761281083061476e+04
4.862601580065353482e+04
5.462277217684336938e+04
6.135907273413163057e+04
6.892612104349695437e+04
7.742636826811278297e+04
8.697490026177834079e+04
9.770099572992246249e+04
1.097498765493056708e+05
1.232846739442065882e+05
1.384886371393871668e+05
1.555676143930472317e+05
1.747528400007683085e+05
1.963040650040272449e+05
2.205130739903045760e+05
2.477076355991708988e+05
2.782559402207125677e+05
3.125715849688235321e+05
3.511191734215127653e+05
3.944206059437656077e+05
4.430621457583877491e+05
4.977023564332113601e+05
5.590810182512222091e+05
6.280291441834246507e+05
7.054802310718644876e+05
7.924828983539169421e+05
8.902150854450393235e+05
1.000000000000000000e+06
