-6.170043856585892428e+01
-7.755094377873341216e+01
-7.428000491931413762e+01
-5.829426040538844944e+01
-5.981457017182869862e+01
-6.564449356744049169e+01
-5.585697727578473604e+01
-5.479762197864837248e+01
-7.141244785806325979e+01
-5.848349049183663340e+01
-6.983842689735307374e+01
-7.255164799462494329e+01
-6.952584930207918035e+01
-5.396113204929837082e+01
-6.814016224364394247e+01
-7.913025070695745455e+01
-5.825959365494290410e+01
-7.930701884548192027e+01
-5.382785015486773261e+01
-6.832588733513927082e+01
-8.161483748349903067e+01
-6.519097060711095537e+01
-5.075390850006656507e+01
-6.280622910913616863e+01
-8.292832906671665683e+01
-6.229058034169850089e+01
-7.545492776474851837e+01
-6.403064617658765201e+01
-7.369253506628498940e+01
-7.297123660762156305e+01
-8.636003372200096351e+01
-6.077967818418986212e+01
-7.148173356237934684e+01
-9.344334422300525489e+01
-9.949544968470132744e+01
-7.362202427963153184e+01
-7.652399391008454188e+01
-8.259658760745243455e+01
-8.258201018583437758e+01
-8.393062909418287632e+01
-6.690762765198975615e+01
-8.201300341142433581e+01
-8.516345943234605897e+01
-9.318244210754271251e+01
-8.127970416851705693e+01
-8.899262299389890529e+01
-8.582380974266686735e+01
-8.205241053552236963e+01
-7.027870179701230313e+01
-7.745223585988149750e+01
-9.635339849482383556e+01
-7.836823908472862854e+01
-1.003627688482384741e+02
-6.764516159020234909e+01
-6.618182690905945265e+01
-8.852868415130373592e+01
-7.325304441134314004e+01
-9.264465474907713372e+01
-1.045504514748129310e+02
-7.796029914253294635e+01
-7.942880547184367401e+01
-8.754651810696468317e+01
-7.135912710199244202e+01
-8.606578092424703641e+01
-8.060090518956114636e+01
-9.195346867622910736e+01
-8.225151898193584543e+01
-8.826368746755225914e+01
-8.643533288021680505e+01
-9.290209915145193520e+01
-9.134231893623720566e+01
-9.201449047248415525e+01
-9.982273355449559915e+01
-9.053464210990098593e+01
-1.001927607057738925e+02
-1.013845317368208043e+02
-9.628255903424418705e+01
-1.012432810528899410e+02
-9.131192862387094067e+01
-1.151202841130237573e+02
-1.022788138420969517e+02
-1.075773582458303395e+02
-1.106382465232993439e+02
-8.370728018179065089e+01
-9.971035329383809653e+01
-1.000752659856436111e+02
-1.102420948346769904e+02
-1.038446240918420358e+02
-1.034986162892220989e+02
-9.755920967314490611e+01
-1.043881422905383261e+02
-1.065935211576223054e+02
-1.100216638531427549e+02
-1.119286893352116010e+02
-1.094570630516682428e+02
-9.425581481424589469e+01
-1.028440394867593852e+02
-1.080830282610819495e+02
-1.092929096740321313e+02
-9.099446518116357652e+01
